Euler Method. # steps = 10000000, dt =  1.00000E-07, zip = 10000
# total execution time =     11.005 sec
# steps =   10000000, dt =   1.0000E-07, zip =      10000
    0.000000  0.15000000E+001 -0.50000000E+000  0.00000000E+000
    0.001000  0.15007077E+001 -0.50069834E+000  0.67751604E-004
    0.002000  0.15014175E+001 -0.50139443E+000  0.13591860E-003
    0.003000  0.15021294E+001 -0.50208823E+000  0.20450234E-003
    0.004000  0.15028435E+001 -0.50277973E+000  0.27350418E-003
    0.005000  0.15035597E+001 -0.50346891E+000  0.34292544E-003
    0.006000  0.15042780E+001 -0.50415576E+000  0.41276756E-003
    0.007000  0.15049984E+001 -0.50484023E+000  0.48303379E-003
    0.008000  0.15057210E+001 -0.50552232E+000  0.55372613E-003
    0.009000  0.15064458E+001 -0.50620199E+000  0.62484587E-003
    0.010000  0.15071727E+001 -0.50687924E+000  0.69639430E-003
    0.011000  0.15079018E+001 -0.50755404E+000  0.76837268E-003
    0.012000  0.15086330E+001 -0.50822636E+000  0.84078224E-003
    0.013000  0.15093664E+001 -0.50889620E+000  0.91362421E-003
    0.014000  0.15101020E+001 -0.50956354E+000  0.98689979E-003
    0.015000  0.15108397E+001 -0.51022834E+000  0.10606102E-002
    0.016000  0.15115795E+001 -0.51089061E+000  0.11347565E-002
    0.017000  0.15123216E+001 -0.51155031E+000  0.12093399E-002
    0.018000  0.15130658E+001 -0.51220742E+000  0.12843615E-002
    0.019000  0.15138122E+001 -0.51286193E+000  0.13598223E-002
    0.020000  0.15145607E+001 -0.51351382E+000  0.14357235E-002
    0.021000  0.15153114E+001 -0.51416306E+000  0.15120661E-002
    0.022000  0.15160643E+001 -0.51480964E+000  0.15888511E-002
    0.023000  0.15168193E+001 -0.51545354E+000  0.16660794E-002
    0.024000  0.15175766E+001 -0.51609474E+000  0.17437524E-002
    0.025000  0.15183360E+001 -0.51673320E+000  0.18218738E-002
    0.026000  0.15190975E+001 -0.51736890E+000  0.19004457E-002
    0.027000  0.15198613E+001 -0.51800181E+000  0.19794691E-002
    0.028000  0.15206272E+001 -0.51863193E+000  0.20589448E-002
    0.029000  0.15213953E+001 -0.51925922E+000  0.21388737E-002
    0.030000  0.15221656E+001 -0.51988367E+000  0.22192566E-002
    0.031000  0.15229381E+001 -0.52050526E+000  0.23000943E-002
    0.032000  0.15237127E+001 -0.52112397E+000  0.23813877E-002
    0.033000  0.15244896E+001 -0.52173978E+000  0.24631374E-002
    0.034000  0.15252685E+001 -0.52235266E+000  0.25453441E-002
    0.035000  0.15260497E+001 -0.52296260E+000  0.26280085E-002
    0.036000  0.15268330E+001 -0.52356958E+000  0.27111314E-002
    0.037000  0.15276185E+001 -0.52417358E+000  0.27947132E-002
    0.038000  0.15284061E+001 -0.52477457E+000  0.28787545E-002
    0.039000  0.15291959E+001 -0.52537255E+000  0.29632563E-002
    0.040000  0.15299878E+001 -0.52596752E+000  0.30482202E-002
    0.041000  0.15307819E+001 -0.52655947E+000  0.31336470E-002
    0.042000  0.15315780E+001 -0.52714835E+000  0.32195413E-002
    0.043000  0.15323763E+001 -0.52773414E+000  0.33059054E-002
    0.044000  0.15331767E+001 -0.52831683E+000  0.33927398E-002
    0.045000  0.15339792E+001 -0.52889639E+000  0.34800449E-002
    0.046000  0.15347839E+001 -0.52947280E+000  0.35678210E-002
    0.047000  0.15355906E+001 -0.53004604E+000  0.36560684E-002
    0.048000  0.15363995E+001 -0.53061610E+000  0.37447874E-002
    0.049000  0.15372105E+001 -0.53118295E+000  0.38339782E-002
    0.050000  0.15380235E+001 -0.53174658E+000  0.39236410E-002
    0.051000  0.15388386E+001 -0.53230695E+000  0.40137759E-002
    0.052000  0.15396559E+001 -0.53286407E+000  0.41043831E-002
    0.053000  0.15404751E+001 -0.53341790E+000  0.41954625E-002
    0.054000  0.15412965E+001 -0.53396842E+000  0.42870142E-002
    0.055000  0.15421199E+001 -0.53451563E+000  0.43790381E-002
    0.056000  0.15429454E+001 -0.53505949E+000  0.44715343E-002
    0.057000  0.15437729E+001 -0.53559999E+000  0.45645025E-002
    0.058000  0.15446025E+001 -0.53613711E+000  0.46579455E-002
    0.059000  0.15454341E+001 -0.53667080E+000  0.47518685E-002
    0.060000  0.15462677E+001 -0.53720106E+000  0.48462714E-002
    0.061000  0.15471034E+001 -0.53772785E+000  0.49411540E-002
    0.062000  0.15479411E+001 -0.53825118E+000  0.50365159E-002
    0.063000  0.15487808E+001 -0.53877100E+000  0.51323568E-002
    0.064000  0.15496225E+001 -0.53928732E+000  0.52286763E-002
    0.065000  0.15504662E+001 -0.53980010E+000  0.53254740E-002
    0.066000  0.15513119E+001 -0.54030934E+000  0.54227493E-002
    0.067000  0.15521595E+001 -0.54081500E+000  0.55205017E-002
    0.068000  0.15530091E+001 -0.54131709E+000  0.56187307E-002
    0.069000  0.15538607E+001 -0.54181558E+000  0.57174355E-002
    0.070000  0.15547141E+001 -0.54231044E+000  0.58166156E-002
    0.071000  0.15555696E+001 -0.54280168E+000  0.59162701E-002
    0.072000  0.15564269E+001 -0.54328926E+000  0.60163982E-002
    0.073000  0.15572862E+001 -0.54377317E+000  0.61169993E-002
    0.074000  0.15581473E+001 -0.54425339E+000  0.62180789E-002
    0.075000  0.15590103E+001 -0.54472988E+000  0.63196405E-002
    0.076000  0.15598753E+001 -0.54520263E+000  0.64216829E-002
    0.077000  0.15607421E+001 -0.54567163E+000  0.65242053E-002
    0.078000  0.15616107E+001 -0.54613685E+000  0.66272066E-002
    0.079000  0.15624812E+001 -0.54659829E+000  0.67306857E-002
    0.080000  0.15633535E+001 -0.54705593E+000  0.68346415E-002
    0.081000  0.15642276E+001 -0.54750975E+000  0.69390728E-002
    0.082000  0.15651036E+001 -0.54795974E+000  0.70439782E-002
    0.083000  0.15659813E+001 -0.54840588E+000  0.71493566E-002
    0.084000  0.15668608E+001 -0.54884817E+000  0.72552065E-002
    0.085000  0.15677421E+001 -0.54928658E+000  0.73615266E-002
    0.086000  0.15686251E+001 -0.54972111E+000  0.74683154E-002
    0.087000  0.15695098E+001 -0.55015174E+000  0.75755715E-002
    0.088000  0.15703962E+001 -0.55057848E+000  0.76832944E-002
    0.089000  0.15712844E+001 -0.55100130E+000  0.77914886E-002
    0.090000  0.15721742E+001 -0.55142020E+000  0.79001602E-002
    0.091000  0.15730657E+001 -0.55183514E+000  0.80093076E-002
    0.092000  0.15739588E+001 -0.55224612E+000  0.81189291E-002
    0.093000  0.15748535E+001 -0.55265313E+000  0.82290228E-002
    0.094000  0.15757499E+001 -0.55305615E+000  0.83395871E-002
    0.095000  0.15766479E+001 -0.55345518E+000  0.84506200E-002
    0.096000  0.15775475E+001 -0.55385020E+000  0.85621196E-002
    0.097000  0.15784486E+001 -0.55424120E+000  0.86740840E-002
    0.098000  0.15793513E+001 -0.55462818E+000  0.87865112E-002
    0.099000  0.15802555E+001 -0.55501112E+000  0.88993990E-002
    0.100000  0.15811613E+001 -0.55539002E+000  0.90127454E-002
    0.101000  0.15820685E+001 -0.55576486E+000  0.91265482E-002
    0.102000  0.15829773E+001 -0.55613563E+000  0.92408053E-002
    0.103000  0.15838875E+001 -0.55650234E+000  0.93555145E-002
    0.104000  0.15847991E+001 -0.55686494E+000  0.94706838E-002
    0.105000  0.15857122E+001 -0.55722344E+000  0.95863166E-002
    0.106000  0.15866267E+001 -0.55757781E+000  0.97024106E-002
    0.107000  0.15875426E+001 -0.55792806E+000  0.98189634E-002
    0.108000  0.15884599E+001 -0.55827417E+000  0.99359726E-002
    0.109000  0.15893785E+001 -0.55861614E+000  0.10053436E-001
    0.110000  0.15902985E+001 -0.55895397E+000  0.10171350E-001
    0.111000  0.15912198E+001 -0.55928764E+000  0.10289713E-001
    0.112000  0.15921425E+001 -0.55961715E+000  0.10408522E-001
    0.113000  0.15930664E+001 -0.55994250E+000  0.10527775E-001
    0.114000  0.15939916E+001 -0.56026369E+000  0.10647468E-001
    0.115000  0.15949180E+001 -0.56058070E+000  0.10767599E-001
    0.116000  0.15958457E+001 -0.56089353E+000  0.10888165E-001
    0.117000  0.15967745E+001 -0.56120219E+000  0.11009164E-001
    0.118000  0.15977046E+001 -0.56150666E+000  0.11130597E-001
    0.119000  0.15986359E+001 -0.56180692E+000  0.11252475E-001
    0.120000  0.15995683E+001 -0.56210297E+000  0.11374796E-001
    0.121000  0.16005018E+001 -0.56239480E+000  0.11497556E-001
    0.122000  0.16014364E+001 -0.56268242E+000  0.11620754E-001
    0.123000  0.16023722E+001 -0.56296582E+000  0.11744384E-001
    0.124000  0.16033090E+001 -0.56324500E+000  0.11868446E-001
    0.125000  0.16042469E+001 -0.56351997E+000  0.11992934E-001
    0.126000  0.16051858E+001 -0.56379071E+000  0.12117848E-001
    0.127000  0.16061257E+001 -0.56405724E+000  0.12243182E-001
    0.128000  0.16070666E+001 -0.56431955E+000  0.12368934E-001
    0.129000  0.16080085E+001 -0.56457764E+000  0.12495101E-001
    0.130000  0.16089514E+001 -0.56483152E+000  0.12621679E-001
    0.131000  0.16098952E+001 -0.56508118E+000  0.12748666E-001
    0.132000  0.16108399E+001 -0.56532662E+000  0.12876061E-001
    0.133000  0.16117855E+001 -0.56556783E+000  0.13003877E-001
    0.134000  0.16127320E+001 -0.56580482E+000  0.13132113E-001
    0.135000  0.16136793E+001 -0.56603757E+000  0.13260765E-001
    0.136000  0.16146275E+001 -0.56626610E+000  0.13389831E-001
    0.137000  0.16155765E+001 -0.56649041E+000  0.13519307E-001
    0.138000  0.16165263E+001 -0.56671050E+000  0.13649189E-001
    0.139000  0.16174768E+001 -0.56692638E+000  0.13779473E-001
    0.140000  0.16184281E+001 -0.56713805E+000  0.13910157E-001
    0.141000  0.16193802E+001 -0.56734551E+000  0.14041236E-001
    0.142000  0.16203329E+001 -0.56754878E+000  0.14172708E-001
    0.143000  0.16212864E+001 -0.56774786E+000  0.14304568E-001
    0.144000  0.16222405E+001 -0.56794275E+000  0.14436813E-001
    0.145000  0.16231953E+001 -0.56813347E+000  0.14569439E-001
    0.146000  0.16241508E+001 -0.56832000E+000  0.14702448E-001
    0.147000  0.16251068E+001 -0.56850235E+000  0.14835853E-001
    0.148000  0.16260634E+001 -0.56868052E+000  0.14969653E-001
    0.149000  0.16270207E+001 -0.56885452E+000  0.15103845E-001
    0.150000  0.16279784E+001 -0.56902436E+000  0.15238425E-001
    0.151000  0.16289367E+001 -0.56919003E+000  0.15373389E-001
    0.152000  0.16298955E+001 -0.56935156E+000  0.15508733E-001
    0.153000  0.16308549E+001 -0.56950895E+000  0.15644454E-001
    0.154000  0.16318147E+001 -0.56966221E+000  0.15780548E-001
    0.155000  0.16327749E+001 -0.56981135E+000  0.15917011E-001
    0.156000  0.16337356E+001 -0.56995637E+000  0.16053839E-001
    0.157000  0.16346967E+001 -0.57009730E+000  0.16191029E-001
    0.158000  0.16356583E+001 -0.57023414E+000  0.16328576E-001
    0.159000  0.16366202E+001 -0.57036689E+000  0.16466478E-001
    0.160000  0.16375824E+001 -0.57049557E+000  0.16604737E-001
    0.161000  0.16385451E+001 -0.57062017E+000  0.16743370E-001
    0.162000  0.16395080E+001 -0.57074071E+000  0.16882374E-001
    0.163000  0.16404713E+001 -0.57085719E+000  0.17021744E-001
    0.164000  0.16414348E+001 -0.57096962E+000  0.17161477E-001
    0.165000  0.16423986E+001 -0.57107802E+000  0.17301570E-001
    0.166000  0.16433627E+001 -0.57118240E+000  0.17442017E-001
    0.167000  0.16443270E+001 -0.57128278E+000  0.17582816E-001
    0.168000  0.16452915E+001 -0.57137915E+000  0.17723963E-001
    0.169000  0.16462562E+001 -0.57147155E+000  0.17865453E-001
    0.170000  0.16472211E+001 -0.57155998E+000  0.18007283E-001
    0.171000  0.16481862E+001 -0.57164445E+000  0.18149449E-001
    0.172000  0.16491515E+001 -0.57172497E+000  0.18291947E-001
    0.173000  0.16501168E+001 -0.57180157E+000  0.18434774E-001
    0.174000  0.16510823E+001 -0.57187425E+000  0.18577940E-001
    0.175000  0.16520479E+001 -0.57194300E+000  0.18721459E-001
    0.176000  0.16530136E+001 -0.57200786E+000  0.18865327E-001
    0.177000  0.16539793E+001 -0.57206882E+000  0.19009541E-001
    0.178000  0.16549450E+001 -0.57212590E+000  0.19154096E-001
    0.179000  0.16559108E+001 -0.57217913E+000  0.19298989E-001
    0.180000  0.16568766E+001 -0.57222851E+000  0.19444215E-001
    0.181000  0.16578424E+001 -0.57227405E+000  0.19589771E-001
    0.182000  0.16588082E+001 -0.57231578E+000  0.19735654E-001
    0.183000  0.16597740E+001 -0.57235371E+000  0.19881858E-001
    0.184000  0.16607397E+001 -0.57238786E+000  0.20028381E-001
    0.185000  0.16617054E+001 -0.57241823E+000  0.20175218E-001
    0.186000  0.16626710E+001 -0.57244485E+000  0.20322366E-001
    0.187000  0.16636365E+001 -0.57246773E+000  0.20469821E-001
    0.188000  0.16646019E+001 -0.57248688E+000  0.20617610E-001
    0.189000  0.16655671E+001 -0.57250230E+000  0.20765743E-001
    0.190000  0.16665322E+001 -0.57251402E+000  0.20914215E-001
    0.191000  0.16674972E+001 -0.57252206E+000  0.21063023E-001
    0.192000  0.16684619E+001 -0.57252642E+000  0.21212162E-001
    0.193000  0.16694265E+001 -0.57252712E+000  0.21361630E-001
    0.194000  0.16703909E+001 -0.57252418E+000  0.21511421E-001
    0.195000  0.16713551E+001 -0.57251762E+000  0.21661533E-001
    0.196000  0.16723191E+001 -0.57250746E+000  0.21811960E-001
    0.197000  0.16732828E+001 -0.57249370E+000  0.21962701E-001
    0.198000  0.16742463E+001 -0.57247637E+000  0.22113750E-001
    0.199000  0.16752095E+001 -0.57245549E+000  0.22265104E-001
    0.200000  0.16761725E+001 -0.57243107E+000  0.22416760E-001
    0.201000  0.16771351E+001 -0.57240312E+000  0.22568705E-001
    0.202000  0.16780975E+001 -0.57237166E+000  0.22720879E-001
    0.203000  0.16790597E+001 -0.57233670E+000  0.22873266E-001
    0.204000  0.16800216E+001 -0.57229825E+000  0.23025861E-001
    0.205000  0.16809831E+001 -0.57225633E+000  0.23178663E-001
    0.206000  0.16819444E+001 -0.57221096E+000  0.23331667E-001
    0.207000  0.16829054E+001 -0.57216216E+000  0.23484871E-001
    0.208000  0.16838661E+001 -0.57210993E+000  0.23638271E-001
    0.209000  0.16848264E+001 -0.57205431E+000  0.23791865E-001
    0.210000  0.16857864E+001 -0.57199530E+000  0.23945649E-001
    0.211000  0.16867461E+001 -0.57193292E+000  0.24099619E-001
    0.212000  0.16877053E+001 -0.57186719E+000  0.24253774E-001
    0.213000  0.16886643E+001 -0.57179812E+000  0.24408109E-001
    0.214000  0.16896228E+001 -0.57172574E+000  0.24562622E-001
    0.215000  0.16905810E+001 -0.57165006E+000  0.24717303E-001
    0.216000  0.16915388E+001 -0.57157107E+000  0.24872120E-001
    0.217000  0.16924962E+001 -0.57148881E+000  0.25027068E-001
    0.218000  0.16934532E+001 -0.57140329E+000  0.25182143E-001
    0.219000  0.16944099E+001 -0.57131452E+000  0.25337344E-001
    0.220000  0.16953661E+001 -0.57122252E+000  0.25492667E-001
    0.221000  0.16963219E+001 -0.57112731E+000  0.25648110E-001
    0.222000  0.16972772E+001 -0.57102890E+000  0.25803669E-001
    0.223000  0.16982322E+001 -0.57092731E+000  0.25959344E-001
    0.224000  0.16991867E+001 -0.57082256E+000  0.26115130E-001
    0.225000  0.17001407E+001 -0.57071465E+000  0.26271026E-001
    0.226000  0.17010943E+001 -0.57060362E+000  0.26427028E-001
    0.227000  0.17020474E+001 -0.57048947E+000  0.26583135E-001
    0.228000  0.17030001E+001 -0.57037222E+000  0.26739343E-001
    0.229000  0.17039523E+001 -0.57025189E+000  0.26895640E-001
    0.230000  0.17049040E+001 -0.57012848E+000  0.27051990E-001
    0.231000  0.17058553E+001 -0.57000200E+000  0.27208390E-001
    0.232000  0.17068061E+001 -0.56987249E+000  0.27364836E-001
    0.233000  0.17077564E+001 -0.56973994E+000  0.27521328E-001
    0.234000  0.17087062E+001 -0.56960438E+000  0.27677863E-001
    0.235000  0.17096555E+001 -0.56946583E+000  0.27834438E-001
    0.236000  0.17106043E+001 -0.56932429E+000  0.27991053E-001
    0.237000  0.17115527E+001 -0.56917978E+000  0.28147704E-001
    0.238000  0.17125005E+001 -0.56903232E+000  0.28304390E-001
    0.239000  0.17134477E+001 -0.56888193E+000  0.28461108E-001
    0.240000  0.17143945E+001 -0.56872862E+000  0.28617858E-001
    0.241000  0.17153407E+001 -0.56857240E+000  0.28774636E-001
    0.242000  0.17162864E+001 -0.56841330E+000  0.28931440E-001
    0.243000  0.17172316E+001 -0.56825131E+000  0.29088254E-001
    0.244000  0.17181762E+001 -0.56808646E+000  0.29245030E-001
    0.245000  0.17191203E+001 -0.56791875E+000  0.29401762E-001
    0.246000  0.17200639E+001 -0.56774821E+000  0.29558451E-001
    0.247000  0.17210070E+001 -0.56757484E+000  0.29715094E-001
    0.248000  0.17219495E+001 -0.56739866E+000  0.29871690E-001
    0.249000  0.17228915E+001 -0.56721968E+000  0.30028238E-001
    0.250000  0.17238330E+001 -0.56703792E+000  0.30184735E-001
    0.251000  0.17247739E+001 -0.56685340E+000  0.30341181E-001
    0.252000  0.17257142E+001 -0.56666612E+000  0.30497574E-001
    0.253000  0.17266540E+001 -0.56647611E+000  0.30653913E-001
    0.254000  0.17275932E+001 -0.56628337E+000  0.30810196E-001
    0.255000  0.17285319E+001 -0.56608792E+000  0.30966423E-001
    0.256000  0.17294700E+001 -0.56588978E+000  0.31122590E-001
    0.257000  0.17304075E+001 -0.56568896E+000  0.31278694E-001
    0.258000  0.17313444E+001 -0.56548546E+000  0.31434713E-001
    0.259000  0.17322808E+001 -0.56527931E+000  0.31590644E-001
    0.260000  0.17332166E+001 -0.56507051E+000  0.31746486E-001
    0.261000  0.17341518E+001 -0.56485909E+000  0.31902238E-001
    0.262000  0.17350864E+001 -0.56464504E+000  0.32057899E-001
    0.263000  0.17360204E+001 -0.56442839E+000  0.32213468E-001
    0.264000  0.17369539E+001 -0.56420915E+000  0.32368944E-001
    0.265000  0.17378867E+001 -0.56398734E+000  0.32524325E-001
    0.266000  0.17388190E+001 -0.56376296E+000  0.32679611E-001
    0.267000  0.17397506E+001 -0.56353603E+000  0.32834800E-001
    0.268000  0.17406817E+001 -0.56330657E+000  0.32989892E-001
    0.269000  0.17416121E+001 -0.56307458E+000  0.33144886E-001
    0.270000  0.17425419E+001 -0.56284008E+000  0.33299780E-001
    0.271000  0.17434711E+001 -0.56260308E+000  0.33454572E-001
    0.272000  0.17443997E+001 -0.56236360E+000  0.33609234E-001
    0.273000  0.17453277E+001 -0.56212164E+000  0.33763760E-001
    0.274000  0.17462551E+001 -0.56187721E+000  0.33918148E-001
    0.275000  0.17471819E+001 -0.56163034E+000  0.34072398E-001
    0.276000  0.17481081E+001 -0.56138102E+000  0.34226509E-001
    0.277000  0.17490336E+001 -0.56112928E+000  0.34380480E-001
    0.278000  0.17499586E+001 -0.56087512E+000  0.34534310E-001
    0.279000  0.17508829E+001 -0.56061857E+000  0.34688000E-001
    0.280000  0.17518066E+001 -0.56035962E+000  0.34841548E-001
    0.281000  0.17527296E+001 -0.56009829E+000  0.34994953E-001
    0.282000  0.17536520E+001 -0.55983460E+000  0.35148216E-001
    0.283000  0.17545738E+001 -0.55956856E+000  0.35301335E-001
    0.284000  0.17554950E+001 -0.55930018E+000  0.35454310E-001
    0.285000  0.17564155E+001 -0.55902946E+000  0.35607140E-001
    0.286000  0.17573354E+001 -0.55875643E+000  0.35759797E-001
    0.287000  0.17582547E+001 -0.55848108E+000  0.35912255E-001
    0.288000  0.17591734E+001 -0.55820343E+000  0.36064512E-001
    0.289000  0.17600914E+001 -0.55792349E+000  0.36216568E-001
    0.290000  0.17610088E+001 -0.55764128E+000  0.36368424E-001
    0.291000  0.17619256E+001 -0.55735679E+000  0.36520078E-001
    0.292000  0.17628418E+001 -0.55707005E+000  0.36671532E-001
    0.293000  0.17637574E+001 -0.55678107E+000  0.36822783E-001
    0.294000  0.17646723E+001 -0.55648985E+000  0.36973833E-001
    0.295000  0.17655866E+001 -0.55619641E+000  0.37124681E-001
    0.296000  0.17665002E+001 -0.55590075E+000  0.37275327E-001
    0.297000  0.17674132E+001 -0.55560289E+000  0.37425770E-001
    0.298000  0.17683256E+001 -0.55530285E+000  0.37576010E-001
    0.299000  0.17692374E+001 -0.55500062E+000  0.37726048E-001
    0.300000  0.17701484E+001 -0.55469622E+000  0.37875880E-001
    0.301000  0.17710589E+001 -0.55438967E+000  0.38025490E-001
    0.302000  0.17719687E+001 -0.55408097E+000  0.38174876E-001
    0.303000  0.17728779E+001 -0.55377013E+000  0.38324038E-001
    0.304000  0.17737865E+001 -0.55345716E+000  0.38472976E-001
    0.305000  0.17746944E+001 -0.55314208E+000  0.38621689E-001
    0.306000  0.17756016E+001 -0.55282489E+000  0.38770177E-001
    0.307000  0.17765083E+001 -0.55250560E+000  0.38918441E-001
    0.308000  0.17774142E+001 -0.55218423E+000  0.39066481E-001
    0.309000  0.17783196E+001 -0.55186077E+000  0.39214296E-001
    0.310000  0.17792243E+001 -0.55153526E+000  0.39361887E-001
    0.311000  0.17801283E+001 -0.55120768E+000  0.39509253E-001
    0.312000  0.17810317E+001 -0.55087805E+000  0.39656395E-001
    0.313000  0.17819344E+001 -0.55054639E+000  0.39803313E-001
    0.314000  0.17828365E+001 -0.55021270E+000  0.39950006E-001
    0.315000  0.17837379E+001 -0.54987699E+000  0.40096464E-001
    0.316000  0.17846387E+001 -0.54953926E+000  0.40242668E-001
    0.317000  0.17855388E+001 -0.54919953E+000  0.40388619E-001
    0.318000  0.17864383E+001 -0.54885781E+000  0.40534316E-001
    0.319000  0.17873371E+001 -0.54851410E+000  0.40679760E-001
    0.320000  0.17882353E+001 -0.54816841E+000  0.40824950E-001
    0.321000  0.17891329E+001 -0.54782076E+000  0.40969888E-001
    0.322000  0.17900298E+001 -0.54747114E+000  0.41114572E-001
    0.323000  0.17909260E+001 -0.54711957E+000  0.41259005E-001
    0.324000  0.17918216E+001 -0.54676606E+000  0.41403185E-001
    0.325000  0.17927165E+001 -0.54641061E+000  0.41547113E-001
    0.326000  0.17936108E+001 -0.54605324E+000  0.41690789E-001
    0.327000  0.17945044E+001 -0.54569395E+000  0.41834213E-001
    0.328000  0.17953973E+001 -0.54533275E+000  0.41977386E-001
    0.329000  0.17962896E+001 -0.54496965E+000  0.42120308E-001
    0.330000  0.17971813E+001 -0.54460465E+000  0.42262951E-001
    0.331000  0.17980723E+001 -0.54423777E+000  0.42405295E-001
    0.332000  0.17989626E+001 -0.54386902E+000  0.42547339E-001
    0.333000  0.17998523E+001 -0.54349839E+000  0.42689083E-001
    0.334000  0.18007414E+001 -0.54312590E+000  0.42830528E-001
    0.335000  0.18016299E+001 -0.54275156E+000  0.42971674E-001
    0.336000  0.18025177E+001 -0.54237537E+000  0.43112523E-001
    0.337000  0.18034048E+001 -0.54199734E+000  0.43253074E-001
    0.338000  0.18042913E+001 -0.54161749E+000  0.43393328E-001
    0.339000  0.18051772E+001 -0.54123580E+000  0.43533285E-001
    0.340000  0.18060624E+001 -0.54085231E+000  0.43672946E-001
    0.341000  0.18069469E+001 -0.54046700E+000  0.43812312E-001
    0.342000  0.18078308E+001 -0.54007989E+000  0.43951382E-001
    0.343000  0.18087141E+001 -0.53969099E+000  0.44090158E-001
    0.344000  0.18095967E+001 -0.53930031E+000  0.44228639E-001
    0.345000  0.18104786E+001 -0.53890785E+000  0.44366815E-001
    0.346000  0.18113599E+001 -0.53851362E+000  0.44504677E-001
    0.347000  0.18122406E+001 -0.53811764E+000  0.44642224E-001
    0.348000  0.18131206E+001 -0.53771990E+000  0.44779459E-001
    0.349000  0.18140000E+001 -0.53732043E+000  0.44916381E-001
    0.350000  0.18148787E+001 -0.53691921E+000  0.45052991E-001
    0.351000  0.18157568E+001 -0.53651626E+000  0.45189290E-001
    0.352000  0.18166342E+001 -0.53611159E+000  0.45325279E-001
    0.353000  0.18175110E+001 -0.53570521E+000  0.45460957E-001
    0.354000  0.18183871E+001 -0.53529711E+000  0.45596326E-001
    0.355000  0.18192626E+001 -0.53488731E+000  0.45731385E-001
    0.356000  0.18201374E+001 -0.53447581E+000  0.45866137E-001
    0.357000  0.18210116E+001 -0.53406263E+000  0.46000581E-001
    0.358000  0.18218851E+001 -0.53364776E+000  0.46134717E-001
    0.359000  0.18227580E+001 -0.53323122E+000  0.46268548E-001
    0.360000  0.18236302E+001 -0.53281300E+000  0.46402058E-001
    0.361000  0.18245018E+001 -0.53239313E+000  0.46535231E-001
    0.362000  0.18253727E+001 -0.53197161E+000  0.46668067E-001
    0.363000  0.18262430E+001 -0.53154844E+000  0.46800568E-001
    0.364000  0.18271126E+001 -0.53112363E+000  0.46932733E-001
    0.365000  0.18279816E+001 -0.53069719E+000  0.47064563E-001
    0.366000  0.18288500E+001 -0.53026913E+000  0.47196060E-001
    0.367000  0.18297177E+001 -0.52983944E+000  0.47327224E-001
    0.368000  0.18305848E+001 -0.52940813E+000  0.47458056E-001
    0.369000  0.18314512E+001 -0.52897522E+000  0.47588556E-001
    0.370000  0.18323170E+001 -0.52854070E+000  0.47718725E-001
    0.371000  0.18331821E+001 -0.52810459E+000  0.47848564E-001
    0.372000  0.18340465E+001 -0.52766689E+000  0.47978074E-001
    0.373000  0.18349104E+001 -0.52722760E+000  0.48107256E-001
    0.374000  0.18357735E+001 -0.52678673E+000  0.48236109E-001
    0.375000  0.18366360E+001 -0.52634429E+000  0.48364629E-001
    0.376000  0.18374979E+001 -0.52590028E+000  0.48492787E-001
    0.377000  0.18383592E+001 -0.52545472E+000  0.48620581E-001
    0.378000  0.18392198E+001 -0.52500761E+000  0.48748014E-001
    0.379000  0.18400798E+001 -0.52455895E+000  0.48875085E-001
    0.380000  0.18409391E+001 -0.52410873E+000  0.49001797E-001
    0.381000  0.18417978E+001 -0.52365696E+000  0.49128149E-001
    0.382000  0.18426559E+001 -0.52320365E+000  0.49254144E-001
    0.383000  0.18435133E+001 -0.52274880E+000  0.49379781E-001
    0.384000  0.18443700E+001 -0.52229241E+000  0.49505061E-001
    0.385000  0.18452261E+001 -0.52183450E+000  0.49629986E-001
    0.386000  0.18460816E+001 -0.52137507E+000  0.49754556E-001
    0.387000  0.18469364E+001 -0.52091411E+000  0.49878772E-001
    0.388000  0.18477905E+001 -0.52045164E+000  0.50002635E-001
    0.389000  0.18486440E+001 -0.51998767E+000  0.50126146E-001
    0.390000  0.18494968E+001 -0.51952219E+000  0.50249306E-001
    0.391000  0.18503490E+001 -0.51905523E+000  0.50372139E-001
    0.392000  0.18512005E+001 -0.51858679E+000  0.50494657E-001
    0.393000  0.18520514E+001 -0.51811690E+000  0.50616863E-001
    0.394000  0.18529016E+001 -0.51764554E+000  0.50738757E-001
    0.395000  0.18537511E+001 -0.51717273E+000  0.50860339E-001
    0.396000  0.18545999E+001 -0.51669846E+000  0.50981611E-001
    0.397000  0.18554481E+001 -0.51622275E+000  0.51102573E-001
    0.398000  0.18562956E+001 -0.51574560E+000  0.51223225E-001
    0.399000  0.18571425E+001 -0.51526701E+000  0.51343569E-001
    0.400000  0.18579886E+001 -0.51478699E+000  0.51463605E-001
    0.401000  0.18588341E+001 -0.51430554E+000  0.51583335E-001
    0.402000  0.18596790E+001 -0.51382266E+000  0.51702758E-001
    0.403000  0.18605231E+001 -0.51333837E+000  0.51821875E-001
    0.404000  0.18613666E+001 -0.51285266E+000  0.51940688E-001
    0.405000  0.18622094E+001 -0.51236555E+000  0.52059197E-001
    0.406000  0.18630515E+001 -0.51187703E+000  0.52177405E-001
    0.407000  0.18638929E+001 -0.51138712E+000  0.52295331E-001
    0.408000  0.18647337E+001 -0.51089585E+000  0.52412979E-001
    0.409000  0.18655738E+001 -0.51040320E+000  0.52530348E-001
    0.410000  0.18664132E+001 -0.50990918E+000  0.52647441E-001
    0.411000  0.18672519E+001 -0.50941380E+000  0.52764258E-001
    0.412000  0.18680900E+001 -0.50891707E+000  0.52880798E-001
    0.413000  0.18689273E+001 -0.50841898E+000  0.52997064E-001
    0.414000  0.18697640E+001 -0.50791954E+000  0.53113055E-001
    0.415000  0.18706000E+001 -0.50741875E+000  0.53228772E-001
    0.416000  0.18714353E+001 -0.50691662E+000  0.53344217E-001
    0.417000  0.18722699E+001 -0.50641316E+000  0.53459389E-001
    0.418000  0.18731039E+001 -0.50590836E+000  0.53574289E-001
    0.419000  0.18739371E+001 -0.50540223E+000  0.53688918E-001
    0.420000  0.18747697E+001 -0.50489477E+000  0.53803276E-001
    0.421000  0.18756016E+001 -0.50438599E+000  0.53917365E-001
    0.422000  0.18764328E+001 -0.50387590E+000  0.54031188E-001
    0.423000  0.18772633E+001 -0.50336451E+000  0.54144761E-001
    0.424000  0.18780931E+001 -0.50285183E+000  0.54258087E-001
    0.425000  0.18789222E+001 -0.50233787E+000  0.54371165E-001
    0.426000  0.18797507E+001 -0.50182263E+000  0.54483998E-001
    0.427000  0.18805784E+001 -0.50130612E+000  0.54596584E-001
    0.428000  0.18814055E+001 -0.50078832E+000  0.54708925E-001
    0.429000  0.18822318E+001 -0.50026926E+000  0.54821021E-001
    0.430000  0.18830575E+001 -0.49974893E+000  0.54932874E-001
    0.431000  0.18838825E+001 -0.49922732E+000  0.55044483E-001
    0.432000  0.18847068E+001 -0.49870442E+000  0.55155849E-001
    0.433000  0.18855303E+001 -0.49818025E+000  0.55266973E-001
    0.434000  0.18863532E+001 -0.49765480E+000  0.55377856E-001
    0.435000  0.18871753E+001 -0.49712809E+000  0.55488497E-001
    0.436000  0.18879968E+001 -0.49660010E+000  0.55598898E-001
    0.437000  0.18888175E+001 -0.49607085E+000  0.55709060E-001
    0.438000  0.18896375E+001 -0.49554034E+000  0.55818984E-001
    0.439000  0.18904568E+001 -0.49500859E+000  0.55928685E-001
    0.440000  0.18912754E+001 -0.49447561E+000  0.56038166E-001
    0.441000  0.18920933E+001 -0.49394140E+000  0.56147428E-001
    0.442000  0.18929105E+001 -0.49340597E+000  0.56256470E-001
    0.443000  0.18937270E+001 -0.49286931E+000  0.56365293E-001
    0.444000  0.18945427E+001 -0.49233144E+000  0.56473898E-001
    0.445000  0.18953578E+001 -0.49179235E+000  0.56582285E-001
    0.446000  0.18961721E+001 -0.49125204E+000  0.56690455E-001
    0.447000  0.18969858E+001 -0.49071052E+000  0.56798408E-001
    0.448000  0.18977987E+001 -0.49016780E+000  0.56906145E-001
    0.449000  0.18986109E+001 -0.48962387E+000  0.57013666E-001
    0.450000  0.18994224E+001 -0.48907874E+000  0.57120971E-001
    0.451000  0.19002331E+001 -0.48853241E+000  0.57228062E-001
    0.452000  0.19010432E+001 -0.48798489E+000  0.57334938E-001
    0.453000  0.19018525E+001 -0.48743617E+000  0.57441601E-001
    0.454000  0.19026612E+001 -0.48688626E+000  0.57548051E-001
    0.455000  0.19034691E+001 -0.48633519E+000  0.57654298E-001
    0.456000  0.19042763E+001 -0.48578295E+000  0.57760350E-001
    0.457000  0.19050828E+001 -0.48522955E+000  0.57866206E-001
    0.458000  0.19058885E+001 -0.48467500E+000  0.57971866E-001
    0.459000  0.19066936E+001 -0.48411930E+000  0.58077331E-001
    0.460000  0.19074979E+001 -0.48356244E+000  0.58182602E-001
    0.461000  0.19083016E+001 -0.48300444E+000  0.58287679E-001
    0.462000  0.19091045E+001 -0.48244529E+000  0.58392562E-001
    0.463000  0.19099067E+001 -0.48188501E+000  0.58497252E-001
    0.464000  0.19107082E+001 -0.48132358E+000  0.58601750E-001
    0.465000  0.19115090E+001 -0.48076101E+000  0.58706055E-001
    0.466000  0.19123090E+001 -0.48019731E+000  0.58810168E-001
    0.467000  0.19131083E+001 -0.47963248E+000  0.58914089E-001
    0.468000  0.19139069E+001 -0.47906652E+000  0.59017820E-001
    0.469000  0.19147048E+001 -0.47849944E+000  0.59121360E-001
    0.470000  0.19155020E+001 -0.47793123E+000  0.59224710E-001
    0.471000  0.19162985E+001 -0.47736190E+000  0.59327873E-001
    0.472000  0.19170942E+001 -0.47679148E+000  0.59430861E-001
    0.473000  0.19178892E+001 -0.47621996E+000  0.59533674E-001
    0.474000  0.19186835E+001 -0.47564736E+000  0.59636314E-001
    0.475000  0.19194771E+001 -0.47507366E+000  0.59738779E-001
    0.476000  0.19202700E+001 -0.47449887E+000  0.59841072E-001
    0.477000  0.19210622E+001 -0.47392297E+000  0.59943192E-001
    0.478000  0.19218536E+001 -0.47334596E+000  0.60045139E-001
    0.479000  0.19226442E+001 -0.47276784E+000  0.60146915E-001
    0.480000  0.19234341E+001 -0.47218862E+000  0.60248518E-001
    0.481000  0.19242233E+001 -0.47160829E+000  0.60349951E-001
    0.482000  0.19250118E+001 -0.47102686E+000  0.60451212E-001
    0.483000  0.19257995E+001 -0.47044434E+000  0.60552303E-001
    0.484000  0.19265864E+001 -0.46986072E+000  0.60653223E-001
    0.485000  0.19273727E+001 -0.46927601E+000  0.60753974E-001
    0.486000  0.19281581E+001 -0.46869020E+000  0.60854554E-001
    0.487000  0.19289429E+001 -0.46810331E+000  0.60954966E-001
    0.488000  0.19297269E+001 -0.46751533E+000  0.61055214E-001
    0.489000  0.19305101E+001 -0.46692630E+000  0.61155306E-001
    0.490000  0.19312926E+001 -0.46633621E+000  0.61255243E-001
    0.491000  0.19320744E+001 -0.46574506E+000  0.61355026E-001
    0.492000  0.19328555E+001 -0.46515285E+000  0.61454654E-001
    0.493000  0.19336358E+001 -0.46455959E+000  0.61554128E-001
    0.494000  0.19344154E+001 -0.46396528E+000  0.61653448E-001
    0.495000  0.19351942E+001 -0.46336992E+000  0.61752615E-001
    0.496000  0.19359723E+001 -0.46277352E+000  0.61851629E-001
    0.497000  0.19367496E+001 -0.46217606E+000  0.61950490E-001
    0.498000  0.19375263E+001 -0.46157757E+000  0.62049198E-001
    0.499000  0.19383021E+001 -0.46097803E+000  0.62147755E-001
    0.500000  0.19390773E+001 -0.46037746E+000  0.62246159E-001
    0.501000  0.19398516E+001 -0.45977584E+000  0.62344412E-001
    0.502000  0.19406253E+001 -0.45917319E+000  0.62442514E-001
    0.503000  0.19413982E+001 -0.45856951E+000  0.62540465E-001
    0.504000  0.19421703E+001 -0.45796480E+000  0.62638265E-001
    0.505000  0.19429417E+001 -0.45735906E+000  0.62735919E-001
    0.506000  0.19437124E+001 -0.45675232E+000  0.62833434E-001
    0.507000  0.19444823E+001 -0.45614458E+000  0.62930812E-001
    0.508000  0.19452515E+001 -0.45553583E+000  0.63028052E-001
    0.509000  0.19460200E+001 -0.45492609E+000  0.63125155E-001
    0.510000  0.19467877E+001 -0.45431535E+000  0.63222121E-001
    0.511000  0.19475547E+001 -0.45370361E+000  0.63318951E-001
    0.512000  0.19483209E+001 -0.45309088E+000  0.63415644E-001
    0.513000  0.19490864E+001 -0.45247716E+000  0.63512201E-001
    0.514000  0.19498512E+001 -0.45186244E+000  0.63608622E-001
    0.515000  0.19506152E+001 -0.45124674E+000  0.63704908E-001
    0.516000  0.19513785E+001 -0.45063005E+000  0.63801058E-001
    0.517000  0.19521410E+001 -0.45001238E+000  0.63897074E-001
    0.518000  0.19529028E+001 -0.44939370E+000  0.63992955E-001
    0.519000  0.19536638E+001 -0.44877402E+000  0.64088701E-001
    0.520000  0.19544240E+001 -0.44815332E+000  0.64184313E-001
    0.521000  0.19551835E+001 -0.44753161E+000  0.64279791E-001
    0.522000  0.19559421E+001 -0.44690889E+000  0.64375137E-001
    0.523000  0.19567001E+001 -0.44628519E+000  0.64470357E-001
    0.524000  0.19574572E+001 -0.44566050E+000  0.64565456E-001
    0.525000  0.19582136E+001 -0.44503484E+000  0.64660432E-001
    0.526000  0.19589693E+001 -0.44440819E+000  0.64755286E-001
    0.527000  0.19597241E+001 -0.44378057E+000  0.64850018E-001
    0.528000  0.19604782E+001 -0.44315197E+000  0.64944629E-001
    0.529000  0.19612316E+001 -0.44252240E+000  0.65039119E-001
    0.530000  0.19619841E+001 -0.44189186E+000  0.65133488E-001
    0.531000  0.19627360E+001 -0.44126034E+000  0.65227735E-001
    0.532000  0.19634870E+001 -0.44062786E+000  0.65321862E-001
    0.533000  0.19642373E+001 -0.43999440E+000  0.65415869E-001
    0.534000  0.19649868E+001 -0.43935998E+000  0.65509755E-001
    0.535000  0.19657355E+001 -0.43872460E+000  0.65603522E-001
    0.536000  0.19664834E+001 -0.43808825E+000  0.65697169E-001
    0.537000  0.19672306E+001 -0.43745094E+000  0.65790696E-001
    0.538000  0.19679770E+001 -0.43681267E+000  0.65884103E-001
    0.539000  0.19687227E+001 -0.43617345E+000  0.65977392E-001
    0.540000  0.19694675E+001 -0.43553327E+000  0.66070565E-001
    0.541000  0.19702116E+001 -0.43489216E+000  0.66163628E-001
    0.542000  0.19709550E+001 -0.43425011E+000  0.66256583E-001
    0.543000  0.19716976E+001 -0.43360714E+000  0.66349430E-001
    0.544000  0.19724394E+001 -0.43296324E+000  0.66442168E-001
    0.545000  0.19731804E+001 -0.43231841E+000  0.66534799E-001
    0.546000  0.19739207E+001 -0.43167265E+000  0.66627322E-001
    0.547000  0.19746602E+001 -0.43102597E+000  0.66719737E-001
    0.548000  0.19753990E+001 -0.43037837E+000  0.66812045E-001
    0.549000  0.19761370E+001 -0.42972985E+000  0.66904245E-001
    0.550000  0.19768742E+001 -0.42908040E+000  0.66996339E-001
    0.551000  0.19776106E+001 -0.42843004E+000  0.67088326E-001
    0.552000  0.19783463E+001 -0.42777876E+000  0.67180206E-001
    0.553000  0.19790812E+001 -0.42712656E+000  0.67271980E-001
    0.554000  0.19798154E+001 -0.42647345E+000  0.67363648E-001
    0.555000  0.19805487E+001 -0.42581943E+000  0.67455209E-001
    0.556000  0.19812813E+001 -0.42516449E+000  0.67546665E-001
    0.557000  0.19820131E+001 -0.42450863E+000  0.67638015E-001
    0.558000  0.19827441E+001 -0.42385184E+000  0.67729262E-001
    0.559000  0.19834743E+001 -0.42319413E+000  0.67820412E-001
    0.560000  0.19842037E+001 -0.42253549E+000  0.67911466E-001
    0.561000  0.19849324E+001 -0.42187594E+000  0.68002424E-001
    0.562000  0.19856602E+001 -0.42121548E+000  0.68093287E-001
    0.563000  0.19863872E+001 -0.42055410E+000  0.68184053E-001
    0.564000  0.19871135E+001 -0.41989181E+000  0.68274724E-001
    0.565000  0.19878389E+001 -0.41922860E+000  0.68365299E-001
    0.566000  0.19885636E+001 -0.41856449E+000  0.68455780E-001
    0.567000  0.19892874E+001 -0.41789946E+000  0.68546164E-001
    0.568000  0.19900105E+001 -0.41723353E+000  0.68636454E-001
    0.569000  0.19907327E+001 -0.41656669E+000  0.68726649E-001
    0.570000  0.19914542E+001 -0.41589895E+000  0.68816749E-001
    0.571000  0.19921748E+001 -0.41523030E+000  0.68906755E-001
    0.572000  0.19928947E+001 -0.41456076E+000  0.68996666E-001
    0.573000  0.19936137E+001 -0.41389031E+000  0.69086483E-001
    0.574000  0.19943320E+001 -0.41321896E+000  0.69176205E-001
    0.575000  0.19950494E+001 -0.41254671E+000  0.69265834E-001
    0.576000  0.19957660E+001 -0.41187357E+000  0.69355369E-001
    0.577000  0.19964819E+001 -0.41119954E+000  0.69444817E-001
    0.578000  0.19971969E+001 -0.41052465E+000  0.69534180E-001
    0.579000  0.19979112E+001 -0.40984889E+000  0.69623458E-001
    0.580000  0.19986246E+001 -0.40917225E+000  0.69712651E-001
    0.581000  0.19993373E+001 -0.40849475E+000  0.69801759E-001
    0.582000  0.20000492E+001 -0.40781638E+000  0.69890782E-001
    0.583000  0.20007602E+001 -0.40713714E+000  0.69979721E-001
    0.584000  0.20014705E+001 -0.40645704E+000  0.70068575E-001
    0.585000  0.20021800E+001 -0.40577607E+000  0.70157345E-001
    0.586000  0.20028887E+001 -0.40509424E+000  0.70246030E-001
    0.587000  0.20035966E+001 -0.40441155E+000  0.70334631E-001
    0.588000  0.20043037E+001 -0.40372800E+000  0.70423148E-001
    0.589000  0.20050099E+001 -0.40304358E+000  0.70511582E-001
    0.590000  0.20057154E+001 -0.40235832E+000  0.70599931E-001
    0.591000  0.20064201E+001 -0.40167219E+000  0.70688197E-001
    0.592000  0.20071240E+001 -0.40098521E+000  0.70776379E-001
    0.593000  0.20078271E+001 -0.40029737E+000  0.70864478E-001
    0.594000  0.20085293E+001 -0.39960868E+000  0.70952493E-001
    0.595000  0.20092308E+001 -0.39891911E+000  0.71040427E-001
    0.596000  0.20099314E+001 -0.39822867E+000  0.71128286E-001
    0.597000  0.20106312E+001 -0.39753736E+000  0.71216068E-001
    0.598000  0.20113301E+001 -0.39684520E+000  0.71303776E-001
    0.599000  0.20120283E+001 -0.39615217E+000  0.71391408E-001
    0.600000  0.20127256E+001 -0.39545829E+000  0.71478965E-001
    0.601000  0.20134221E+001 -0.39476354E+000  0.71566448E-001
    0.602000  0.20141177E+001 -0.39406794E+000  0.71653855E-001
    0.603000  0.20148125E+001 -0.39337148E+000  0.71741187E-001
    0.604000  0.20155065E+001 -0.39267417E+000  0.71828445E-001
    0.605000  0.20161997E+001 -0.39197600E+000  0.71915628E-001
    0.606000  0.20168920E+001 -0.39127699E+000  0.72002736E-001
    0.607000  0.20175835E+001 -0.39057712E+000  0.72089770E-001
    0.608000  0.20182742E+001 -0.38987640E+000  0.72176729E-001
    0.609000  0.20189640E+001 -0.38917484E+000  0.72263614E-001
    0.610000  0.20196530E+001 -0.38847243E+000  0.72350425E-001
    0.611000  0.20203411E+001 -0.38776917E+000  0.72437162E-001
    0.612000  0.20210284E+001 -0.38706507E+000  0.72523824E-001
    0.613000  0.20217149E+001 -0.38636012E+000  0.72610412E-001
    0.614000  0.20224006E+001 -0.38565434E+000  0.72696928E-001
    0.615000  0.20230854E+001 -0.38494773E+000  0.72783376E-001
    0.616000  0.20237694E+001 -0.38424031E+000  0.72869757E-001
    0.617000  0.20244526E+001 -0.38353207E+000  0.72956072E-001
    0.618000  0.20251349E+001 -0.38282301E+000  0.73042319E-001
    0.619000  0.20258165E+001 -0.38211314E+000  0.73128501E-001
    0.620000  0.20264972E+001 -0.38140245E+000  0.73214616E-001
    0.621000  0.20271771E+001 -0.38069095E+000  0.73300664E-001
    0.622000  0.20278561E+001 -0.37997864E+000  0.73386646E-001
    0.623000  0.20285343E+001 -0.37926552E+000  0.73472562E-001
    0.624000  0.20292117E+001 -0.37855159E+000  0.73558411E-001
    0.625000  0.20298883E+001 -0.37783686E+000  0.73644195E-001
    0.626000  0.20305640E+001 -0.37712131E+000  0.73729913E-001
    0.627000  0.20312390E+001 -0.37640496E+000  0.73815564E-001
    0.628000  0.20319130E+001 -0.37568781E+000  0.73901150E-001
    0.629000  0.20325863E+001 -0.37496985E+000  0.73986670E-001
    0.630000  0.20332587E+001 -0.37425108E+000  0.74072124E-001
    0.631000  0.20339302E+001 -0.37353146E+000  0.74157513E-001
    0.632000  0.20346008E+001 -0.37281102E+000  0.74242836E-001
    0.633000  0.20352706E+001 -0.37208973E+000  0.74328094E-001
    0.634000  0.20359395E+001 -0.37136763E+000  0.74413290E-001
    0.635000  0.20366076E+001 -0.37064471E+000  0.74498426E-001
    0.636000  0.20372748E+001 -0.36992098E+000  0.74583504E-001
    0.637000  0.20379411E+001 -0.36919645E+000  0.74668523E-001
    0.638000  0.20386066E+001 -0.36847111E+000  0.74753484E-001
    0.639000  0.20392712E+001 -0.36774496E+000  0.74838385E-001
    0.640000  0.20399350E+001 -0.36701801E+000  0.74923228E-001
    0.641000  0.20405979E+001 -0.36629025E+000  0.75008012E-001
    0.642000  0.20412600E+001 -0.36556170E+000  0.75092738E-001
    0.643000  0.20419211E+001 -0.36483234E+000  0.75177405E-001
    0.644000  0.20425815E+001 -0.36410218E+000  0.75262013E-001
    0.645000  0.20432409E+001 -0.36337123E+000  0.75346564E-001
    0.646000  0.20438995E+001 -0.36263948E+000  0.75431056E-001
    0.647000  0.20445573E+001 -0.36190694E+000  0.75515489E-001
    0.648000  0.20452141E+001 -0.36117360E+000  0.75599864E-001
    0.649000  0.20458701E+001 -0.36043947E+000  0.75684181E-001
    0.650000  0.20465253E+001 -0.35970455E+000  0.75768440E-001
    0.651000  0.20471795E+001 -0.35896884E+000  0.75852641E-001
    0.652000  0.20478329E+001 -0.35823235E+000  0.75936783E-001
    0.653000  0.20484855E+001 -0.35749506E+000  0.76020868E-001
    0.654000  0.20491372E+001 -0.35675700E+000  0.76104896E-001
    0.655000  0.20497880E+001 -0.35601817E+000  0.76188872E-001
    0.656000  0.20504380E+001 -0.35527858E+000  0.76272796E-001
    0.657000  0.20510871E+001 -0.35453823E+000  0.76356668E-001
    0.658000  0.20517354E+001 -0.35379711E+000  0.76440488E-001
    0.659000  0.20523828E+001 -0.35305523E+000  0.76524256E-001
    0.660000  0.20530293E+001 -0.35231260E+000  0.76607971E-001
    0.661000  0.20536751E+001 -0.35156921E+000  0.76691635E-001
    0.662000  0.20543199E+001 -0.35082506E+000  0.76775247E-001
    0.663000  0.20549639E+001 -0.35008016E+000  0.76858807E-001
    0.664000  0.20556071E+001 -0.34933449E+000  0.76942315E-001
    0.665000  0.20562493E+001 -0.34858803E+000  0.77025772E-001
    0.666000  0.20568906E+001 -0.34784078E+000  0.77109178E-001
    0.667000  0.20575311E+001 -0.34709275E+000  0.77192533E-001
    0.668000  0.20581706E+001 -0.34634394E+000  0.77275837E-001
    0.669000  0.20588093E+001 -0.34559434E+000  0.77359089E-001
    0.670000  0.20594470E+001 -0.34484397E+000  0.77442290E-001
    0.671000  0.20600839E+001 -0.34409281E+000  0.77525440E-001
    0.672000  0.20607198E+001 -0.34334088E+000  0.77608539E-001
    0.673000  0.20613548E+001 -0.34258817E+000  0.77691587E-001
    0.674000  0.20619890E+001 -0.34183468E+000  0.77774584E-001
    0.675000  0.20626222E+001 -0.34108044E+000  0.77857534E-001
    0.676000  0.20632546E+001 -0.34032544E+000  0.77940437E-001
    0.677000  0.20638861E+001 -0.33956969E+000  0.78023295E-001
    0.678000  0.20645167E+001 -0.33881319E+000  0.78106107E-001
    0.679000  0.20651464E+001 -0.33805594E+000  0.78188873E-001
    0.680000  0.20657752E+001 -0.33729794E+000  0.78271593E-001
    0.681000  0.20664032E+001 -0.33653920E+000  0.78354268E-001
    0.682000  0.20670302E+001 -0.33577971E+000  0.78436897E-001
    0.683000  0.20676564E+001 -0.33501948E+000  0.78519481E-001
    0.684000  0.20682817E+001 -0.33425851E+000  0.78602018E-001
    0.685000  0.20689061E+001 -0.33349679E+000  0.78684510E-001
    0.686000  0.20695296E+001 -0.33273434E+000  0.78766957E-001
    0.687000  0.20701522E+001 -0.33197115E+000  0.78849358E-001
    0.688000  0.20707740E+001 -0.33120722E+000  0.78931713E-001
    0.689000  0.20713948E+001 -0.33044256E+000  0.79014023E-001
    0.690000  0.20720148E+001 -0.32967717E+000  0.79096288E-001
    0.691000  0.20726338E+001 -0.32891105E+000  0.79178507E-001
    0.692000  0.20732520E+001 -0.32814419E+000  0.79260680E-001
    0.693000  0.20738693E+001 -0.32737661E+000  0.79342808E-001
    0.694000  0.20744857E+001 -0.32660830E+000  0.79424891E-001
    0.695000  0.20751012E+001 -0.32583926E+000  0.79506928E-001
    0.696000  0.20757158E+001 -0.32506951E+000  0.79588922E-001
    0.697000  0.20763296E+001 -0.32429904E+000  0.79670875E-001
    0.698000  0.20769424E+001 -0.32352782E+000  0.79752789E-001
    0.699000  0.20775543E+001 -0.32275587E+000  0.79834662E-001
    0.700000  0.20781653E+001 -0.32198318E+000  0.79916497E-001
    0.701000  0.20787753E+001 -0.32120976E+000  0.79998291E-001
    0.702000  0.20793845E+001 -0.32043560E+000  0.80080046E-001
    0.703000  0.20799927E+001 -0.31966071E+000  0.80161761E-001
    0.704000  0.20806000E+001 -0.31888509E+000  0.80243436E-001
    0.705000  0.20812064E+001 -0.31810874E+000  0.80325071E-001
    0.706000  0.20818119E+001 -0.31733167E+000  0.80406667E-001
    0.707000  0.20824164E+001 -0.31655387E+000  0.80488223E-001
    0.708000  0.20830201E+001 -0.31577534E+000  0.80569739E-001
    0.709000  0.20836228E+001 -0.31499610E+000  0.80651216E-001
    0.710000  0.20842246E+001 -0.31421613E+000  0.80732653E-001
    0.711000  0.20848254E+001 -0.31343545E+000  0.80814050E-001
    0.712000  0.20854254E+001 -0.31265405E+000  0.80895408E-001
    0.713000  0.20860244E+001 -0.31187193E+000  0.80976725E-001
    0.714000  0.20866225E+001 -0.31108910E+000  0.81058004E-001
    0.715000  0.20872197E+001 -0.31030556E+000  0.81139242E-001
    0.716000  0.20878160E+001 -0.30952131E+000  0.81220441E-001
    0.717000  0.20884113E+001 -0.30873635E+000  0.81301600E-001
    0.718000  0.20890058E+001 -0.30795069E+000  0.81382722E-001
    0.719000  0.20895993E+001 -0.30716434E+000  0.81463808E-001
    0.720000  0.20901920E+001 -0.30637731E+000  0.81544858E-001
    0.721000  0.20907837E+001 -0.30558958E+000  0.81625873E-001
    0.722000  0.20913745E+001 -0.30480118E+000  0.81706853E-001
    0.723000  0.20919645E+001 -0.30401209E+000  0.81787797E-001
    0.724000  0.20925535E+001 -0.30322231E+000  0.81868705E-001
    0.725000  0.20931416E+001 -0.30243186E+000  0.81949578E-001
    0.726000  0.20937289E+001 -0.30164073E+000  0.82030416E-001
    0.727000  0.20943152E+001 -0.30084893E+000  0.82111218E-001
    0.728000  0.20949006E+001 -0.30005645E+000  0.82191985E-001
    0.729000  0.20954851E+001 -0.29926328E+000  0.82272717E-001
    0.730000  0.20960687E+001 -0.29846940E+000  0.82353415E-001
    0.731000  0.20966513E+001 -0.29767482E+000  0.82434079E-001
    0.732000  0.20972329E+001 -0.29687953E+000  0.82514709E-001
    0.733000  0.20978136E+001 -0.29608355E+000  0.82595305E-001
    0.734000  0.20983934E+001 -0.29528686E+000  0.82675867E-001
    0.735000  0.20989722E+001 -0.29448948E+000  0.82756395E-001
    0.736000  0.20995500E+001 -0.29369140E+000  0.82836889E-001
    0.737000  0.21001269E+001 -0.29289262E+000  0.82917349E-001
    0.738000  0.21007029E+001 -0.29209316E+000  0.82997775E-001
    0.739000  0.21012779E+001 -0.29129300E+000  0.83078167E-001
    0.740000  0.21018519E+001 -0.29049215E+000  0.83158525E-001
    0.741000  0.21024250E+001 -0.28969063E+000  0.83238851E-001
    0.742000  0.21029972E+001 -0.28888844E+000  0.83319148E-001
    0.743000  0.21035685E+001 -0.28808558E+000  0.83399413E-001
    0.744000  0.21041388E+001 -0.28728205E+000  0.83479649E-001
    0.745000  0.21047082E+001 -0.28647786E+000  0.83559854E-001
    0.746000  0.21052767E+001 -0.28567301E+000  0.83640028E-001
    0.747000  0.21058442E+001 -0.28486749E+000  0.83720172E-001
    0.748000  0.21064108E+001 -0.28406132E+000  0.83800286E-001
    0.749000  0.21069765E+001 -0.28325449E+000  0.83880369E-001
    0.750000  0.21075413E+001 -0.28244700E+000  0.83960423E-001
    0.751000  0.21081051E+001 -0.28163886E+000  0.84040445E-001
    0.752000  0.21086680E+001 -0.28083007E+000  0.84120437E-001
    0.753000  0.21092300E+001 -0.28002062E+000  0.84200399E-001
    0.754000  0.21097910E+001 -0.27921053E+000  0.84280331E-001
    0.755000  0.21103511E+001 -0.27839979E+000  0.84360232E-001
    0.756000  0.21109103E+001 -0.27758841E+000  0.84440103E-001
    0.757000  0.21114686E+001 -0.27677638E+000  0.84519943E-001
    0.758000  0.21120259E+001 -0.27596371E+000  0.84599754E-001
    0.759000  0.21125823E+001 -0.27515040E+000  0.84679533E-001
    0.760000  0.21131378E+001 -0.27433644E+000  0.84759284E-001
    0.761000  0.21136923E+001 -0.27352181E+000  0.84839005E-001
    0.762000  0.21142458E+001 -0.27270651E+000  0.84918699E-001
    0.763000  0.21147984E+001 -0.27189055E+000  0.84998363E-001
    0.764000  0.21153500E+001 -0.27107392E+000  0.85078001E-001
    0.765000  0.21159006E+001 -0.27025663E+000  0.85157612E-001
    0.766000  0.21164502E+001 -0.26943870E+000  0.85237199E-001
    0.767000  0.21169989E+001 -0.26862013E+000  0.85316760E-001
    0.768000  0.21175467E+001 -0.26780091E+000  0.85396296E-001
    0.769000  0.21180934E+001 -0.26698105E+000  0.85475806E-001
    0.770000  0.21186393E+001 -0.26616054E+000  0.85555292E-001
    0.771000  0.21191841E+001 -0.26533940E+000  0.85634752E-001
    0.772000  0.21197281E+001 -0.26451763E+000  0.85714186E-001
    0.773000  0.21202710E+001 -0.26369522E+000  0.85793596E-001
    0.774000  0.21208130E+001 -0.26287217E+000  0.85872980E-001
    0.775000  0.21213541E+001 -0.26204850E+000  0.85952339E-001
    0.776000  0.21218942E+001 -0.26122420E+000  0.86031673E-001
    0.777000  0.21224334E+001 -0.26039927E+000  0.86110982E-001
    0.778000  0.21229716E+001 -0.25957371E+000  0.86190265E-001
    0.779000  0.21235088E+001 -0.25874754E+000  0.86269523E-001
    0.780000  0.21240451E+001 -0.25792074E+000  0.86348756E-001
    0.781000  0.21245805E+001 -0.25709332E+000  0.86427964E-001
    0.782000  0.21251149E+001 -0.25626529E+000  0.86507147E-001
    0.783000  0.21256484E+001 -0.25543664E+000  0.86586304E-001
    0.784000  0.21261809E+001 -0.25460737E+000  0.86665436E-001
    0.785000  0.21267124E+001 -0.25377750E+000  0.86744543E-001
    0.786000  0.21272430E+001 -0.25294701E+000  0.86823625E-001
    0.787000  0.21277727E+001 -0.25211592E+000  0.86902681E-001
    0.788000  0.21283014E+001 -0.25128422E+000  0.86981713E-001
    0.789000  0.21288292E+001 -0.25045193E+000  0.87060720E-001
    0.790000  0.21293561E+001 -0.24961904E+000  0.87139706E-001
    0.791000  0.21298820E+001 -0.24878553E+000  0.87218671E-001
    0.792000  0.21304069E+001 -0.24795140E+000  0.87297616E-001
    0.793000  0.21309308E+001 -0.24711666E+000  0.87376541E-001
    0.794000  0.21314537E+001 -0.24628129E+000  0.87455446E-001
    0.795000  0.21319757E+001 -0.24544531E+000  0.87534331E-001
    0.796000  0.21324966E+001 -0.24460872E+000  0.87613196E-001
    0.797000  0.21330166E+001 -0.24377151E+000  0.87692041E-001
    0.798000  0.21335357E+001 -0.24293370E+000  0.87770865E-001
    0.799000  0.21340537E+001 -0.24209528E+000  0.87849670E-001
    0.800000  0.21345707E+001 -0.24125625E+000  0.87928455E-001
    0.801000  0.21350868E+001 -0.24041662E+000  0.88007220E-001
    0.802000  0.21356019E+001 -0.23957639E+000  0.88085965E-001
    0.803000  0.21361161E+001 -0.23873555E+000  0.88164690E-001
    0.804000  0.21366292E+001 -0.23789413E+000  0.88243395E-001
    0.805000  0.21371414E+001 -0.23705210E+000  0.88322080E-001
    0.806000  0.21376526E+001 -0.23620948E+000  0.88400745E-001
    0.807000  0.21381628E+001 -0.23536627E+000  0.88479391E-001
    0.808000  0.21386721E+001 -0.23452247E+000  0.88558016E-001
    0.809000  0.21391804E+001 -0.23367809E+000  0.88636621E-001
    0.810000  0.21396877E+001 -0.23283311E+000  0.88715206E-001
    0.811000  0.21401940E+001 -0.23198756E+000  0.88793772E-001
    0.812000  0.21406994E+001 -0.23114142E+000  0.88872317E-001
    0.813000  0.21412038E+001 -0.23029470E+000  0.88950843E-001
    0.814000  0.21417072E+001 -0.22944740E+000  0.89029349E-001
    0.815000  0.21422097E+001 -0.22859954E+000  0.89107837E-001
    0.816000  0.21427113E+001 -0.22775111E+000  0.89186307E-001
    0.817000  0.21432119E+001 -0.22690213E+000  0.89264760E-001
    0.818000  0.21437115E+001 -0.22605259E+000  0.89343195E-001
    0.819000  0.21442102E+001 -0.22520249E+000  0.89421613E-001
    0.820000  0.21447080E+001 -0.22435182E+000  0.89500014E-001
    0.821000  0.21452047E+001 -0.22350057E+000  0.89578400E-001
    0.822000  0.21457004E+001 -0.22264873E+000  0.89656772E-001
    0.823000  0.21461951E+001 -0.22179631E+000  0.89735129E-001
    0.824000  0.21466888E+001 -0.22094330E+000  0.89813472E-001
    0.825000  0.21471815E+001 -0.22008971E+000  0.89891799E-001
    0.826000  0.21476732E+001 -0.21923555E+000  0.89970112E-001
    0.827000  0.21481639E+001 -0.21838080E+000  0.90048411E-001
    0.828000  0.21486536E+001 -0.21752548E+000  0.90126694E-001
    0.829000  0.21491423E+001 -0.21666959E+000  0.90204963E-001
    0.830000  0.21496300E+001 -0.21581312E+000  0.90283218E-001
    0.831000  0.21501167E+001 -0.21495609E+000  0.90361458E-001
    0.832000  0.21506024E+001 -0.21409849E+000  0.90439683E-001
    0.833000  0.21510871E+001 -0.21324033E+000  0.90517894E-001
    0.834000  0.21515708E+001 -0.21238160E+000  0.90596090E-001
    0.835000  0.21520535E+001 -0.21152231E+000  0.90674271E-001
    0.836000  0.21525352E+001 -0.21066246E+000  0.90752438E-001
    0.837000  0.21530159E+001 -0.20980205E+000  0.90830590E-001
    0.838000  0.21534956E+001 -0.20894109E+000  0.90908728E-001
    0.839000  0.21539743E+001 -0.20807957E+000  0.90986851E-001
    0.840000  0.21544520E+001 -0.20721751E+000  0.91064960E-001
    0.841000  0.21549287E+001 -0.20635489E+000  0.91143054E-001
    0.842000  0.21554045E+001 -0.20549173E+000  0.91221135E-001
    0.843000  0.21558793E+001 -0.20462804E+000  0.91299204E-001
    0.844000  0.21563531E+001 -0.20376382E+000  0.91377260E-001
    0.845000  0.21568259E+001 -0.20289906E+000  0.91455304E-001
    0.846000  0.21572978E+001 -0.20203378E+000  0.91533336E-001
    0.847000  0.21577686E+001 -0.20116797E+000  0.91611355E-001
    0.848000  0.21582386E+001 -0.20030164E+000  0.91689362E-001
    0.849000  0.21587075E+001 -0.19943478E+000  0.91767357E-001
    0.850000  0.21591754E+001 -0.19856736E+000  0.91845343E-001
    0.851000  0.21596423E+001 -0.19769938E+000  0.91923319E-001
    0.852000  0.21601082E+001 -0.19683085E+000  0.92001286E-001
    0.853000  0.21605730E+001 -0.19596177E+000  0.92079243E-001
    0.854000  0.21610367E+001 -0.19509213E+000  0.92157191E-001
    0.855000  0.21614995E+001 -0.19422195E+000  0.92235130E-001
    0.856000  0.21619612E+001 -0.19335123E+000  0.92313060E-001
    0.857000  0.21624219E+001 -0.19247996E+000  0.92390980E-001
    0.858000  0.21628815E+001 -0.19160814E+000  0.92468891E-001
    0.859000  0.21633401E+001 -0.19073579E+000  0.92546792E-001
    0.860000  0.21637977E+001 -0.18986290E+000  0.92624685E-001
    0.861000  0.21642543E+001 -0.18898947E+000  0.92702568E-001
    0.862000  0.21647098E+001 -0.18811551E+000  0.92780441E-001
    0.863000  0.21651643E+001 -0.18724102E+000  0.92858306E-001
    0.864000  0.21656178E+001 -0.18636599E+000  0.92936161E-001
    0.865000  0.21660703E+001 -0.18549044E+000  0.93014007E-001
    0.866000  0.21665217E+001 -0.18461436E+000  0.93091844E-001
    0.867000  0.21669721E+001 -0.18373776E+000  0.93169672E-001
    0.868000  0.21674215E+001 -0.18286063E+000  0.93247490E-001
    0.869000  0.21678699E+001 -0.18198298E+000  0.93325299E-001
    0.870000  0.21683172E+001 -0.18110481E+000  0.93403100E-001
    0.871000  0.21687636E+001 -0.18022614E+000  0.93480892E-001
    0.872000  0.21692089E+001 -0.17934696E+000  0.93558677E-001
    0.873000  0.21696532E+001 -0.17846728E+000  0.93636455E-001
    0.874000  0.21700966E+001 -0.17758709E+000  0.93714226E-001
    0.875000  0.21705389E+001 -0.17670641E+000  0.93791989E-001
    0.876000  0.21709803E+001 -0.17582523E+000  0.93869745E-001
    0.877000  0.21714206E+001 -0.17494355E+000  0.93947494E-001
    0.878000  0.21718599E+001 -0.17406136E+000  0.94025237E-001
    0.879000  0.21722982E+001 -0.17317864E+000  0.94102976E-001
    0.880000  0.21727354E+001 -0.17229540E+000  0.94180711E-001
    0.881000  0.21731715E+001 -0.17141163E+000  0.94258441E-001
    0.882000  0.21736065E+001 -0.17052734E+000  0.94336168E-001
    0.883000  0.21740405E+001 -0.16964253E+000  0.94413890E-001
    0.884000  0.21744734E+001 -0.16875720E+000  0.94491608E-001
    0.885000  0.21749053E+001 -0.16787135E+000  0.94569321E-001
    0.886000  0.21753360E+001 -0.16698499E+000  0.94647031E-001
    0.887000  0.21757658E+001 -0.16609812E+000  0.94724736E-001
    0.888000  0.21761944E+001 -0.16521074E+000  0.94802437E-001
    0.889000  0.21766220E+001 -0.16432285E+000  0.94880134E-001
    0.890000  0.21770485E+001 -0.16343445E+000  0.94957827E-001
    0.891000  0.21774740E+001 -0.16254555E+000  0.95035516E-001
    0.892000  0.21778984E+001 -0.16165614E+000  0.95113201E-001
    0.893000  0.21783218E+001 -0.16076623E+000  0.95190881E-001
    0.894000  0.21787441E+001 -0.15987583E+000  0.95268558E-001
    0.895000  0.21791653E+001 -0.15898492E+000  0.95346230E-001
    0.896000  0.21795855E+001 -0.15809352E+000  0.95423898E-001
    0.897000  0.21800046E+001 -0.15720163E+000  0.95501562E-001
    0.898000  0.21804227E+001 -0.15630925E+000  0.95579222E-001
    0.899000  0.21808397E+001 -0.15541637E+000  0.95656878E-001
    0.900000  0.21812556E+001 -0.15452301E+000  0.95734530E-001
    0.901000  0.21816705E+001 -0.15362916E+000  0.95812178E-001
    0.902000  0.21820844E+001 -0.15273484E+000  0.95889823E-001
    0.903000  0.21824972E+001 -0.15184004E+000  0.95967466E-001
    0.904000  0.21829090E+001 -0.15094478E+000  0.96045107E-001
    0.905000  0.21833198E+001 -0.15004904E+000  0.96122745E-001
    0.906000  0.21837295E+001 -0.14915282E+000  0.96200382E-001
    0.907000  0.21841381E+001 -0.14825610E+000  0.96278019E-001
    0.908000  0.21845456E+001 -0.14735887E+000  0.96355657E-001
    0.909000  0.21849520E+001 -0.14646116E+000  0.96433296E-001
    0.910000  0.21853573E+001 -0.14556295E+000  0.96510935E-001
    0.911000  0.21857614E+001 -0.14466424E+000  0.96588575E-001
    0.912000  0.21861645E+001 -0.14376505E+000  0.96666216E-001
    0.913000  0.21865665E+001 -0.14286536E+000  0.96743857E-001
    0.914000  0.21869673E+001 -0.14196519E+000  0.96821499E-001
    0.915000  0.21873671E+001 -0.14106453E+000  0.96899141E-001
    0.916000  0.21877657E+001 -0.14016339E+000  0.96976784E-001
    0.917000  0.21881633E+001 -0.13926177E+000  0.97054428E-001
    0.918000  0.21885597E+001 -0.13835967E+000  0.97132072E-001
    0.919000  0.21889551E+001 -0.13745709E+000  0.97209717E-001
    0.920000  0.21893493E+001 -0.13655404E+000  0.97287362E-001
    0.921000  0.21897425E+001 -0.13565051E+000  0.97365008E-001
    0.922000  0.21901345E+001 -0.13474651E+000  0.97442655E-001
    0.923000  0.21905255E+001 -0.13384204E+000  0.97520302E-001
    0.924000  0.21909153E+001 -0.13293710E+000  0.97597950E-001
    0.925000  0.21913041E+001 -0.13203169E+000  0.97675599E-001
    0.926000  0.21916917E+001 -0.13112582E+000  0.97753249E-001
    0.927000  0.21920783E+001 -0.13021949E+000  0.97830899E-001
    0.928000  0.21924637E+001 -0.12931269E+000  0.97908549E-001
    0.929000  0.21928481E+001 -0.12840543E+000  0.97986201E-001
    0.930000  0.21932314E+001 -0.12749772E+000  0.98063853E-001
    0.931000  0.21936136E+001 -0.12658955E+000  0.98141505E-001
    0.932000  0.21939947E+001 -0.12568093E+000  0.98219159E-001
    0.933000  0.21943747E+001 -0.12477185E+000  0.98296813E-001
    0.934000  0.21947535E+001 -0.12386230E+000  0.98374470E-001
    0.935000  0.21951312E+001 -0.12295228E+000  0.98452132E-001
    0.936000  0.21955077E+001 -0.12204178E+000  0.98529798E-001
    0.937000  0.21958831E+001 -0.12113082E+000  0.98607470E-001
    0.938000  0.21962573E+001 -0.12021939E+000  0.98685147E-001
    0.939000  0.21966304E+001 -0.11930749E+000  0.98762828E-001
    0.940000  0.21970023E+001 -0.11839513E+000  0.98840515E-001
    0.941000  0.21973731E+001 -0.11748231E+000  0.98918206E-001
    0.942000  0.21977427E+001 -0.11656902E+000  0.98995903E-001
    0.943000  0.21981112E+001 -0.11565528E+000  0.99073604E-001
    0.944000  0.21984785E+001 -0.11474109E+000  0.99151310E-001
    0.945000  0.21988447E+001 -0.11382644E+000  0.99229022E-001
    0.946000  0.21992097E+001 -0.11291133E+000  0.99306738E-001
    0.947000  0.21995736E+001 -0.11199578E+000  0.99384459E-001
    0.948000  0.21999363E+001 -0.11107978E+000  0.99462186E-001
    0.949000  0.22002979E+001 -0.11016333E+000  0.99539917E-001
    0.950000  0.22006583E+001 -0.10924644E+000  0.99617653E-001
    0.951000  0.22010176E+001 -0.10832910E+000  0.99695394E-001
    0.952000  0.22013758E+001 -0.10741132E+000  0.99773140E-001
    0.953000  0.22017328E+001 -0.10649311E+000  0.99850891E-001
    0.954000  0.22020886E+001 -0.10557445E+000  0.99928647E-001
    0.955000  0.22024433E+001 -0.10465536E+000  0.10000641E+000
    0.956000  0.22027969E+001 -0.10373583E+000  0.10008417E+000
    0.957000  0.22031493E+001 -0.10281587E+000  0.10016194E+000
    0.958000  0.22035006E+001 -0.10189548E+000  0.10023972E+000
    0.959000  0.22038507E+001 -0.10097467E+000  0.10031750E+000
    0.960000  0.22041997E+001 -0.10005342E+000  0.10039529E+000
    0.961000  0.22045475E+001 -0.99131737E-001  0.10047308E+000
    0.962000  0.22048941E+001 -0.98209601E-001  0.10055088E+000
    0.963000  0.22052395E+001 -0.97287013E-001  0.10062868E+000
    0.964000  0.22055836E+001 -0.96363977E-001  0.10070650E+000
    0.965000  0.22059265E+001 -0.95440494E-001  0.10078432E+000
    0.966000  0.22062682E+001 -0.94516565E-001  0.10086215E+000
    0.967000  0.22066087E+001 -0.93592193E-001  0.10093999E+000
    0.968000  0.22069479E+001 -0.92667379E-001  0.10101784E+000
    0.969000  0.22072860E+001 -0.91742126E-001  0.10109569E+000
    0.970000  0.22076228E+001 -0.90816436E-001  0.10117355E+000
    0.971000  0.22079584E+001 -0.89890310E-001  0.10125142E+000
    0.972000  0.22082928E+001 -0.88963752E-001  0.10132929E+000
    0.973000  0.22086259E+001 -0.88036769E-001  0.10140718E+000
    0.974000  0.22089579E+001 -0.87109361E-001  0.10148507E+000
    0.975000  0.22092887E+001 -0.86181531E-001  0.10156297E+000
    0.976000  0.22096182E+001 -0.85253280E-001  0.10164088E+000
    0.977000  0.22099466E+001 -0.84324611E-001  0.10171880E+000
    0.978000  0.22102738E+001 -0.83395524E-001  0.10179673E+000
    0.979000  0.22105997E+001 -0.82466022E-001  0.10187467E+000
    0.980000  0.22109245E+001 -0.81536106E-001  0.10195261E+000
    0.981000  0.22112480E+001 -0.80605779E-001  0.10203056E+000
    0.982000  0.22115703E+001 -0.79675042E-001  0.10210852E+000
    0.983000  0.22118915E+001 -0.78743896E-001  0.10218649E+000
    0.984000  0.22122114E+001 -0.77812345E-001  0.10226447E+000
    0.985000  0.22125301E+001 -0.76880388E-001  0.10234246E+000
    0.986000  0.22128477E+001 -0.75948029E-001  0.10242045E+000
    0.987000  0.22131640E+001 -0.75015269E-001  0.10249846E+000
    0.988000  0.22134791E+001 -0.74082097E-001  0.10257647E+000
    0.989000  0.22137929E+001 -0.73148501E-001  0.10265449E+000
    0.990000  0.22141054E+001 -0.72214485E-001  0.10273253E+000
    0.991000  0.22144166E+001 -0.71280049E-001  0.10281057E+000
    0.992000  0.22147266E+001 -0.70345195E-001  0.10288863E+000
    0.993000  0.22150353E+001 -0.69409926E-001  0.10296670E+000
    0.994000  0.22153427E+001 -0.68474243E-001  0.10304477E+000
    0.995000  0.22156488E+001 -0.67538149E-001  0.10312286E+000
    0.996000  0.22159536E+001 -0.66601645E-001  0.10320096E+000
    0.997000  0.22162571E+001 -0.65664732E-001  0.10327907E+000
    0.998000  0.22165594E+001 -0.64727414E-001  0.10335719E+000
    0.999000  0.22168604E+001 -0.63789692E-001  0.10343532E+000
    1.000000  0.22171601E+001 -0.62851567E-001  0.10351346E+000
